50.005
50.00999850005001
50.014993500799974
50.019983004299554
50.02496501479725
50.029937539538665
50.03489858956364
50.0398461805018
50.04477833336619
50.049693075345026
50.05458844059067
50.05946247100596
50.064313217027454
50.06913873840528
50.07393710497913
50.07870639745036
50.08344470814967
50.08815014180018
50.092820816275456
50.097454863352446
50.102050429458636
50.10660567641355
50.11111878216395
50.11558794151268
50.12001136684067
50.12438728882204
50.12871395713175
50.13298964114576
50.13721263063321
50.14138123644053
50.14549379116708
50.149548649832106
50.153544190532685
50.15747881509249
50.161350949701045
50.16515904554322
50.16890157941878
50.17257705435159
50.17618400018842
50.17972097418702
50.18318656159316
50.18657937620653
50.18989806093521
50.193141288338495
50.19630776115785
50.19939621283583
50.202405408022635
50.20533414307028
50.20818124651403
50.210945579541004
50.21362603644561
50.2162215450719
50.21873106724238
50.22115359917328
50.22348817187604
50.22573385154492
50.22788973993053
50.229954974699055
50.23192872977725
50.23381021568284
50.23559867984024
50.23729340688169
50.238893718933326
50.240398975886336
50.24180857565297
50.243121954407435
50.24433858681135
50.24545798622393
50.2464797048966
50.24740333415211
50.248228504548
50.24895488602435
50.249582188035845
50.25011015966794
50.250538589737275
50.250867306876096
50.251096179600836
50.25122511636471
50.25125406559428
50.251183015710154
50.25101199513158
50.25074107226507
50.25037035547706
50.249899993050576
50.249330173125855
50.24866112362519
50.24789311216169
50.24702644593225
50.2460614715947
50.24499857512914
50.24383818168351
50.24258075540358
50.24122679924729
50.239776854783585
50.23823150197573
50.236591358949404
50.23485708174541
50.23302936405729
50.23110893695384
50.229096568586705
50.226993063883086
50.22479926422384
50.22251604710691
50.220144325796284
50.217685048956795
50.21513920027458
50.212507798063626
50.20979189485854
50.20699257699343
50.20411096416745
50.20114820899691
50.19810549655425
50.19498404389402
50.191785099566076
50.188509943116166
50.18515988457411
50.18173626392981
50.178240450597315
50.17467384286697
50.171037867346236
50.16733397838892
50.16356365751359
50.159728412810914
50.15582977834038
50.15186931351682
50.147848602486526
50.14376925349374
50.13963289823724
50.13544119121777
50.13119580907623
50.12689844992302
50.12255083265882
50.118154696287064
50.11371179921834
50.10922391856706
50.10469284944059
50.100120404221265
50.09550841184144
50.09085871705198
50.08617317968429
50.08145367390645
50.0767020874736
50.07192032097276
50.067110287062754
50.06227390970901
50.05741312341412
50.05252987244401
50.04762611005023
50.04270379768867
50.03776490423507
50.032811405197435
50.027845281925835
50.02286852081992
50.017883112534356
50.012891051182606
50.007894333539305
50.00289495824153
49.9978949249894
49.992896233746244
49.987900883938536
49.98291087365626
49.97792819885364
49.97295485255075
49.967992824036386
49.963044098072345
49.95811065409951
49.95319446544614
49.94829749853854
49.9434217121145
49.93856905643983
49.93374147252827
49.928940891365116
49.92416923313482
49.91942840645297
49.91472030760283
49.910046819776845
49.90540981232341
49.90081113999916
49.896252642227005
49.8917361423605
49.8872634469544
49.882836345042165
49.878456607420276
49.87412598593998
49.86984621280656
49.865618999886486
49.861446038022656
49.85732899635807
49.853269521668224
49.8492692377024
49.84532974453421
49.8414526179215
49.83763940867614
49.83389164204369
49.830210817093345
49.82659840611828
49.82305585404676
49.819584577864156
49.81618596604626
49.812861378003824
49.809612143538786
49.80643956231245
49.80334490332559
49.800329404410846
49.79739427173764
49.79454067932967
49.79176976859537
49.78908264787135
49.786480391979
49.78396404179466
49.781534603833244
49.779193049845624
49.77694031643002
49.774777304657235
49.77270487971035
49.770723870538646
49.76883506952597
49.767039232173815
49.7653370767992
49.76372928424723
49.76221649761886
49.760799322013604
49.75947832428754
49.758254032826535
49.757126937334945
49.75609748863969
49.75516609850996
49.75433313949247
49.75359894476253
49.75296380799067
49.75242798322525
49.75199168479082
49.751655087202394
49.75141832509564
49.751281493173025
49.75124464616596
49.751307798812874
49.75147092585334
49.75173396203817
49.752096802155535
49.75255930107299
49.753121273795614
49.75378249553994
49.75454270182387
49.75540158857251
49.756358812239725
49.75741398994563
49.75856669962971
49.759816480219584
49.761162831815554
49.76260521589042
49.764143055504974
49.76577573553877
49.767502602936105
49.76932296696728
49.771236099504904
49.7732412353151
49.775337572363554
49.77752427213645
49.77980045997575
49.782165225429054
49.78461762261383
49.787156670595735
49.78978135378099
49.792490622322525
49.79528339254004
49.79815854735338
49.80111493672938
49.804151378141825
49.80726665704452
49.81045952735707
49.813728711963265
49.81707290322196
49.82049076349009
49.82398092565775
49.82754199369496
49.8311725432101
49.83487112201968
49.83863625072917
49.84246642332473
49.84636010777563
49.85031574664702
49.85433175772289
49.858406534639
49.862538447525324
49.86672584365801
49.8709670481205
49.875260364473405
49.87960407543314
49.88399644355874
49.888435711946876
49.8929201049346
49.89744782880954
49.90201707252744
49.906626008436504
49.911272793008436
49.9159555675759
49.92067245907589
49.92542158079897
49.93020103314395
49.935008904377696
49.939843271399766
49.9447022005117
49.94958374819046
49.95448596186579
49.95940688070123
49.96434453637846
49.96929695388458
49.97426215230212
49.979238145601364
49.98422294343474
49.98921455193296
49.994210974502565
49.999210212624476
50.004210266653445
50.00920913661786
50.01420482301971
50.01919532763439
50.02417865430999
50.029152809765655
50.034115804388925
50.03906565303159
50.044000375803705
50.04891799886551
50.053816555216954
50.05869408548447
50.063548638704724
50.06837827310498
50.0731810568798
50.077955068963675
50.0826983997995
50.087409152102396
50.092085441618536
50.096725397878885
50.101327164947335
50.10588890216308
50.11040878487685
50.114885005180774
50.11931577263147
50.12369931496627
50.12803387881206
50.132317730386674
50.13654915619232
50.14072646370098
50.14484798203142
50.148912062617526
50.1529170798677
50.15686143181511
50.1607435407584
50.16456185389282
50.16831484393131
50.17200100971537
50.175618876815555
50.179166998121204
50.18264395441927
50.18604835496201
50.18937883802326
50.19263407144307
50.19581275316064
50.19891361173509
50.20193540685398
50.20487692982948
50.20773700408182
50.21051448560989
50.21320826344886
50.21581726011455
50.218340432034346
50.22077676996475
50.22312529939494
50.22538508093661
50.22755521069976
50.229634820654184
50.23162307897669
50.23351919038383
50.235322396450016
50.23703197591084
50.238647244951636
50.24016755748091
50.24159230538886
50.24292091879059
50.24415286625401
50.24528765501246
50.246324831161786
50.24726397984189
50.24810472540269
50.24884673155438
50.24948970150192
50.250033378063755
50.2504775437747
50.25082202097291
50.25106667187096
50.25121139861091
50.25125614330354
50.251200888051414
50.251045654956066
50.2507905061092
50.25043554356778
50.2499809093133
50.249426785194906
50.2487733928567
50.24802099364908
50.24716988852422
50.246220417915644
50.24517296160211
50.24402793855567
50.24278580677407
50.24144706309764
50.240012243010426
50.23848192042614
50.2368567074585
50.23513725417645
50.23332424834408
50.231418415145626
50.229420516895296
50.227331352732406
50.22515175830175
50.22288260541929
50.220524801723485
50.21807929031224
50.215547049365654
50.2129290917548
50.21022646463655
50.20744024903469
50.20457155940762
50.201621543202506
50.19859138039632
50.19548228302391
50.19229549469309
50.189032290087354
50.1856939744559
50.182281883091626
50.17879738079692
50.17524186133787
50.1716167468867
50.167923487452946
50.16416356030344
50.160338469371474
50.15644974465511
50.15249894160541
50.148487640504044
50.14441744583135
50.14028998562451
50.13610691082631
50.131869894624856
50.127580631784255
50.12324083796672
50.118852249046434
50.11441662041504
50.10993572627965
50.1054113589531
50.1008453281371
50.09623946019828
50.091595597437795
50.08691559735427
50.08220133190096
50.07745468673691
50.07267756047272
50.06787186391111
50.06303951928264
50.05818245947686
50.05330262726912
50.04840197454348
50.04348246151207
50.038546055930865
50.03359473231275
50.02863047113767
50.023655258060415
50.01867108311651
50.01367993992606
50.008683824896444
50.003684736423715
49.99868467409324
49.99368563788
49.98868962734845
49.98369864085286
49.9787146747379
49.9737397225402
49.96877577419088
49.963824815219645
49.95888882596058
49.953969780760005
49.94906964718684
49.94419038524548
49.93933394659193
49.93450227375309
49.92969729934978
49.924920945323684
49.92017512216867
49.91546172816655
49.91078264862779
49.906139755137374
49.901534904806326
49.8969699395287
49.89244668524496
49.88796695121158
49.883532529277396
49.87914519316681
49.87480669777044
49.87051877844301
49.8662831503094
49.86210150757849
49.85797552286556
49.85390684652324
49.849897105981384
49.8459479050961
49.84206082350826
49.83823741601164
49.83447921193097
49.83078771451032
49.827164400311744
49.8236107186247
49.82012809088631
49.816717910112835
49.81338154034251
49.810120316089865
49.80693554181197
49.80382849138671
49.80080040760319
49.79785250166462
49.79498595270391
49.792201907312
49.78950147907917
49.786885748149714
49.78435576078987
49.78191252896926
49.779557029956194
49.77729020592672
49.77511296358776
49.7730261738145
49.771030671301965
49.76912725423122
49.767316683950064
49.7655996846685
49.76397694316906
49.762449108532124
49.76101679187627
49.75968056611383
49.75844096572175
49.75729848652779
49.756253585512205
49.75530668062494
49.754458150618504
49.7537083348964
49.753057533377415
49.75250600637567
49.75205397449642
49.75170161854791
49.751449079469005
49.751296458272805
49.75124381600625
49.75129117372573
49.75143851248864
49.75168577336094
49.75203285744075
49.75247962589791
49.75302590002951
49.75367146133135
49.75441605158538
49.75525937296294
49.75620108814391
49.75724082045163
49.758378154003566
49.759612633877694
49.76094376629439
49.76237101881401
49.76389382054981
49.76551156239634
49.76722359727303
49.76902924038303
49.77092776948716
49.77291842519279
49.77500041125752
49.77717289490777
49.77943500717177
49.781785843227254
49.784224462763305
49.7867498903565
49.789361115861055
49.79205709481286
49.79483674884733
49.79769896613062
49.80064260180445
49.80366647844398
49.8067693865288
49.80995008492669
49.81320730139012
49.81653973306508
49.81994604701219
49.823424880739964
49.82697484274969
49.83059451309207
49.83428244393516
49.83803716014349
49.84185715986814
49.84574091514741
49.84968687251804
49.85369345363653
49.8577590559105
49.861882053139695
49.86606079616645
49.870293613535345
49.874578812161765
49.87891467800911
49.88329947677441
49.887731454581974
49.892208838685036
49.8967298381747
49.901292644696404
49.90589543317315
49.910536362535574
49.915213576458356
49.9199252041027
49.92466936086465
49.92944414912894
49.93424765902802
49.93907796920597
49.94393314758702
49.94881125214836
49.953710331696946
49.95862842664996
49.96356356981861
49.968513787194965
49.97347709874157
49.97845151918345
49.98343505880218
49.98842572423173
49.993421519255854
49.99842044560649
50.003420503763095
50.00841969375239
50.01341601594838
50.018407471872145
50.02339206499124
50.028367801518264
50.03333269120835
50.038284748155284
50.04322199158582
50.04814244665191
50.053044145220795
50.05792512666202
50.06278343863184
50.06761713785403
50.07242429089725
50.077202974948364
50.08195127858152
50.086667302522756
50.09134916040966
50.09599497954589
50.10060290165025
50.10517108359997
50.10969769816797
50.11418093475369
50.118619000107316
50.12301011904709
50.12735253516934
50.13164451155104
50.135884331444565
50.14007029896436
50.14420073976528
50.148274001712295
50.15228845554136
50.156242495511094
50.16013454004505
50.16396303236433
50.167726441110304
50.1714232609571
50.175052013213744
50.17861124641562
50.18209953690504
50.18551548940069
50.18885773755575
50.19212494450436
50.19531580339641
50.198429037920256
50.20146340281323
50.20441768435972
50.20729070087664
50.21008130318611
50.21278837507512
50.215410833742
50.217947630229474
50.22039774984434
50.22276021256323
50.22503407342472
50.22721842290717
50.229312387292644
50.23131512901632
50.23322584700155
50.235043776980234
50.23676819179855
50.23839840170784
50.239933754640425
50.2413736364705
50.24271747125971
50.24396472148761
50.24511488826655
50.24616751154134
50.24712217027317
50.24797848260813
50.24873610602983
50.24939473749647
50.24995411356207
50.25041401048178
50.25077424430144
50.25103467093112
50.25119518620278
50.2512557259119
50.251216265843226
50.25107682178036
50.25083744949956
50.250498244747334
50.250059343202196
50.249520920420366
50.24888319176557
50.24814641232291
50.24731087679679
50.24637691939305
50.24534491368532
50.244215272465574
50.24298844757899
50.24166492974326
50.24024524835228
50.238729971264405
50.237119704575335
50.235415092375625
50.233616816493125
50.23172559622018
50.229742188026
50.22766738525406
50.22550201780467
50.22324695180319
50.22090308925345
50.21847136767705
50.215952759738286
50.21334827285515
50.21065894879635
50.20788586326463
50.20503012546646
50.20209287766841
50.199075294740226
50.19597858368489
50.19280398315587
50.18955276296161
50.18622622355772
50.18282569552665
50.17935253904564
50.175808143342536
50.17219392614016
50.168511333089285
50.16476183719027
50.160946938204006
50.15706816205193
50.15312706020572
50.149125209066696
50.145064209335295
50.1409456853708
50.136771284541624
50.13254267656634
50.12826155284585
50.123929625786836
50.1195486281168
50.11512031219101
50.11064644929154
50.106128828918834
50.101569258075834
50.096969560545304
50.09233157616026
50.08765716006807
50.082948181988414
50.07820652546544
50.07343408711435
50.06863277586276
50.06380451218713
50.05895122734469
50.05407486260083
50.04917736845266
50.044260703848884
50.039326835406186
50.03437773662259
50.029415387088115
50.02444177169296
50.01945887983355
50.01446870461679
50.00947324206289
50.00447449030688
49.9994744487995
49.994475117507356
49.989478496112945
49.98448658321488
49.97950137552838
49.9745248670867
49.96955904844342
49.96460590587636
49.95966742059301
49.95474556793809
49.949842316603444
49.9449596278406
49.94009945467621
49.935263741130946
49.930454421441866
49.925673419288756
49.92092264702466
49.91620400491098
49.911519380357376
49.90687064716683
49.902259664786115
49.89768827756208
49.8931583140039
49.88867158605171
49.88422988835181
49.879834997538865
49.875488671525254
49.87119264879792
49.866948647723014
49.86275836585849
49.85862347927521
49.85454564188645
49.85052648478641
49.84656761559769
49.84267061782843
49.838837050238745
49.83506844621732
49.8313663131681
49.82773213190727
49.82416735607101
49.820673411533974
49.817251695839076
49.813903577638364
49.810630396145626
49.80743346060073
49.804314049745926
49.80127341131437
49.798312761531015
49.795433284626185
49.79263613236183
49.78992242357089
49.78729324370975
49.78474964442406
49.7822926431281
49.779923222597816
49.77764233057772
49.77545087940183
49.773349745628686
49.77133976969077
49.76942175555838
49.76759647041799
49.765864644365394
49.764226970113704
49.76268410271623
49.7612366593045
49.75988521884143
49.75863032188967
49.75747247039547
49.75641212748782
49.75544971729331
49.754585624766364
49.75382019553538
49.753153735764386
49.75258651203062
49.75211875121791
49.75175064042588
49.75148232689521
49.75131391794859
49.751245480947944
49.75127704326737
49.75140859228226
49.75164007537431
49.75197139995263
49.75240243349067
49.752933003579344
49.75356289799592
49.75429186478892
49.75511961237892
49.75604580967517
49.757070086208
49.758192032277066
49.75941119911512
49.76072709906765
49.762139205787825
49.76364695444707
49.76524974196102
49.76694692723067
49.768737831398894
49.77062173812194
49.772597893855966
49.774665508158414
49.77682375400426
49.77907176811675
49.7814086513127
49.78383346886222
49.786345250862524
49.788942992625934
49.79162565508174
49.79439216519175
49.79724141637961
49.80017226897334
49.80318355066119
49.8062740569606
49.80944255169999
49.81268776751312
49.81600840634612
49.81940313997667
49.822870610545266
49.826409431098334
49.83001818614306
49.833695432213524
49.83743969844805
49.84124948717759
49.84512327452475
49.84905951101334
49.85305662218811
49.85711300924457
49.86122704966847
49.86539709788478
49.8696214859159
49.87389852404887
49.878226501511215
49.8826036871552
49.887028330150365
49.89149866068376
49.896012890667855
49.90056921445583
49.90516580956371
49.909800837399416
49.91447244399818
49.91917876076406
49.92391790521742
49.92868798174788
49.933487082372515
49.93831328749908
49.943164666693775
49.94803927945344
49.952935175981715
49.957850397968954
49.962782979375504
49.967730947218136
49.9726923223592
49.97766512029823
49.98264735196579
49.98763702451904
49.99263214213885
49.997630706828126
50.00263071921099
50.007630179332466
50.01262708745852
50.01761944487585
50.02260525469143
50.027582522631185
50.032549257837715
50.037503473666604
50.042443188481045
50.04736642644454
50.05227121831112
50.0571556022131
50.06201762444573
50.066855340248765
50.07166681458426
50.07645012291059
50.081203351952254
50.08592460046517
50.09061197999715
50.09526361564325
50.099877646795726
50.10445222788825
50.10898552913415
50.113475737258256
50.11792105622221
50.12231970794289
50.12666993300359
50.13096999135778
50.135218163025144
50.13941274877947
50.143552070828406
50.14763447348453
50.151658323827604
50.155622012357746
50.159523953639145
50.16336258693434
50.16713637682839
50.17084381384307
50.174483415040655
50.17805372461706
50.181553314484134
50.18498078484096
50.188334764733646
50.1916139126038
50.19481691682506
50.19794249622775
50.20098940061137
50.20395641124464
50.20684234135298
50.209646036593206
50.21236637551525
50.21500227001074
50.21755266574827
50.22001654259502
50.222392915024884
50.22468083251268
50.226879379914266
50.22898767783269
